30
0.5041666666666667 0.6916666666666667 0
0.35138888888888886 0.6916666666666667 0
0.3625 0.4652777777777778 0
0.41944444444444445 0.5138888888888888 0
0.6569444444444444 0.5680555555555555 0
0.275 0.4083333333333333 0
0.47638888888888886 0.48333333333333334 0
0.5805555555555556 0.6111111111111112 0
0.4388888888888889 0.525 0
0.5180555555555556 0.5513888888888889 0
0.45694444444444443 0.6111111111111112 0
0.5027777777777778 0.5694444444444444 0
0.5513888888888889 0.6 0
0.6 0.6708333333333333 0
0.35555555555555557 0.5666666666666667 0
0.8944444444444445 0.6763888888888889 1
0.8055555555555556 0.7638888888888888 1
0.1125 0.1361111111111111 1
0.5111111111111111 0.8583333333333333 1
0.6513888888888889 0.2916666666666667 1
0.6958333333333333 0.8083333333333333 1
0.9347222222222222 0.5388888888888889 1
0.8694444444444445 0.4361111111111111 1
0.10277777777777777 0.4097222222222222 1
0.4875 0.21805555555555556 1
0.3375 0.8666666666666667 1
0.10277777777777777 0.6291666666666667 1
0.18194444444444444 0.7958333333333333 1
0.7833333333333333 0.3680555555555556 1
0.32222222222222224 0.14166666666666666 1
